{
 "cells": [
  {
   "cell_type": "code",
   "execution_count": 1,
   "id": "7c5a303b-9c97-4a57-af5c-d2d2f99c315a",
   "metadata": {},
   "outputs": [],
   "source": [
    "import pandas as pd\n",
    "import numpy as np\n",
    "import seaborn as sns"
   ]
  },
  {
   "cell_type": "code",
   "execution_count": 2,
   "id": "4fbc6b2f-0d63-400a-acf8-e0562bddb465",
   "metadata": {},
   "outputs": [
    {
     "data": {
      "text/plain": [
       "(2428, 26)"
      ]
     },
     "execution_count": 2,
     "metadata": {},
     "output_type": "execute_result"
    }
   ],
   "source": [
    "data = pd.read_csv(\"../../data/raw/mlb_elo_latest.csv\")\n",
    "data.shape"
   ]
  },
  {
   "cell_type": "code",
   "execution_count": 3,
   "id": "0045313d-0f81-4afd-a874-6083397350db",
   "metadata": {},
   "outputs": [],
   "source": [
    "data = data.loc[data[\"date\"] < '2021-07-13']"
   ]
  },
  {
   "cell_type": "code",
   "execution_count": 4,
   "id": "d2346154-c199-412c-b0da-8eb26e50d935",
   "metadata": {},
   "outputs": [
    {
     "data": {
      "text/plain": [
       "(1347, 26)"
      ]
     },
     "execution_count": 4,
     "metadata": {},
     "output_type": "execute_result"
    }
   ],
   "source": [
    "data.shape"
   ]
  },
  {
   "cell_type": "code",
   "execution_count": 5,
   "id": "6e399904-bd35-4010-b9ad-fcb7d2690a03",
   "metadata": {},
   "outputs": [
    {
     "data": {
      "text/html": [
       "<div>\n",
       "<style scoped>\n",
       "    .dataframe tbody tr th:only-of-type {\n",
       "        vertical-align: middle;\n",
       "    }\n",
       "\n",
       "    .dataframe tbody tr th {\n",
       "        vertical-align: top;\n",
       "    }\n",
       "\n",
       "    .dataframe thead th {\n",
       "        text-align: right;\n",
       "    }\n",
       "</style>\n",
       "<table border=\"1\" class=\"dataframe\">\n",
       "  <thead>\n",
       "    <tr style=\"text-align: right;\">\n",
       "      <th></th>\n",
       "      <th>date</th>\n",
       "      <th>season</th>\n",
       "      <th>neutral</th>\n",
       "      <th>playoff</th>\n",
       "      <th>team1</th>\n",
       "      <th>team2</th>\n",
       "      <th>elo1_pre</th>\n",
       "      <th>elo2_pre</th>\n",
       "      <th>elo_prob1</th>\n",
       "      <th>elo_prob2</th>\n",
       "      <th>...</th>\n",
       "      <th>pitcher1_rgs</th>\n",
       "      <th>pitcher2_rgs</th>\n",
       "      <th>pitcher1_adj</th>\n",
       "      <th>pitcher2_adj</th>\n",
       "      <th>rating_prob1</th>\n",
       "      <th>rating_prob2</th>\n",
       "      <th>rating1_post</th>\n",
       "      <th>rating2_post</th>\n",
       "      <th>score1</th>\n",
       "      <th>score2</th>\n",
       "    </tr>\n",
       "  </thead>\n",
       "  <tbody>\n",
       "    <tr>\n",
       "      <th>1081</th>\n",
       "      <td>2021-07-11</td>\n",
       "      <td>2021</td>\n",
       "      <td>0</td>\n",
       "      <td>NaN</td>\n",
       "      <td>SEA</td>\n",
       "      <td>ANA</td>\n",
       "      <td>1493.538649</td>\n",
       "      <td>1492.763809</td>\n",
       "      <td>0.535594</td>\n",
       "      <td>0.464406</td>\n",
       "      <td>...</td>\n",
       "      <td>44.084974</td>\n",
       "      <td>39.929048</td>\n",
       "      <td>-19.659891</td>\n",
       "      <td>-44.827616</td>\n",
       "      <td>0.545272</td>\n",
       "      <td>0.454728</td>\n",
       "      <td>1480.094364</td>\n",
       "      <td>1503.267801</td>\n",
       "      <td>1.0</td>\n",
       "      <td>7.0</td>\n",
       "    </tr>\n",
       "    <tr>\n",
       "      <th>1082</th>\n",
       "      <td>2021-07-11</td>\n",
       "      <td>2021</td>\n",
       "      <td>0</td>\n",
       "      <td>NaN</td>\n",
       "      <td>SDP</td>\n",
       "      <td>COL</td>\n",
       "      <td>1534.463116</td>\n",
       "      <td>1469.938927</td>\n",
       "      <td>0.624709</td>\n",
       "      <td>0.375291</td>\n",
       "      <td>...</td>\n",
       "      <td>48.061291</td>\n",
       "      <td>53.836186</td>\n",
       "      <td>-16.053037</td>\n",
       "      <td>2.460504</td>\n",
       "      <td>0.655171</td>\n",
       "      <td>0.344829</td>\n",
       "      <td>1554.814951</td>\n",
       "      <td>1452.864180</td>\n",
       "      <td>1.0</td>\n",
       "      <td>3.0</td>\n",
       "    </tr>\n",
       "    <tr>\n",
       "      <th>1083</th>\n",
       "      <td>2021-07-11</td>\n",
       "      <td>2021</td>\n",
       "      <td>0</td>\n",
       "      <td>NaN</td>\n",
       "      <td>LAD</td>\n",
       "      <td>ARI</td>\n",
       "      <td>1584.632857</td>\n",
       "      <td>1438.785029</td>\n",
       "      <td>0.726656</td>\n",
       "      <td>0.273344</td>\n",
       "      <td>...</td>\n",
       "      <td>53.122349</td>\n",
       "      <td>52.166927</td>\n",
       "      <td>-10.727841</td>\n",
       "      <td>21.408305</td>\n",
       "      <td>0.695995</td>\n",
       "      <td>0.304005</td>\n",
       "      <td>1596.787439</td>\n",
       "      <td>1443.008203</td>\n",
       "      <td>7.0</td>\n",
       "      <td>4.0</td>\n",
       "    </tr>\n",
       "    <tr>\n",
       "      <th>1084</th>\n",
       "      <td>2021-07-11</td>\n",
       "      <td>2021</td>\n",
       "      <td>0</td>\n",
       "      <td>NaN</td>\n",
       "      <td>SFG</td>\n",
       "      <td>WSN</td>\n",
       "      <td>1549.613822</td>\n",
       "      <td>1513.998828</td>\n",
       "      <td>0.584961</td>\n",
       "      <td>0.415039</td>\n",
       "      <td>...</td>\n",
       "      <td>59.656903</td>\n",
       "      <td>47.743591</td>\n",
       "      <td>34.283469</td>\n",
       "      <td>-16.077402</td>\n",
       "      <td>0.624387</td>\n",
       "      <td>0.375613</td>\n",
       "      <td>1530.332580</td>\n",
       "      <td>1514.477593</td>\n",
       "      <td>3.0</td>\n",
       "      <td>1.0</td>\n",
       "    </tr>\n",
       "    <tr>\n",
       "      <th>1085</th>\n",
       "      <td>2021-07-11</td>\n",
       "      <td>2021</td>\n",
       "      <td>0</td>\n",
       "      <td>NaN</td>\n",
       "      <td>TEX</td>\n",
       "      <td>OAK</td>\n",
       "      <td>1465.150350</td>\n",
       "      <td>1530.314320</td>\n",
       "      <td>0.441036</td>\n",
       "      <td>0.558964</td>\n",
       "      <td>...</td>\n",
       "      <td>49.512599</td>\n",
       "      <td>56.874158</td>\n",
       "      <td>-6.635993</td>\n",
       "      <td>17.367272</td>\n",
       "      <td>0.412738</td>\n",
       "      <td>0.587262</td>\n",
       "      <td>1456.963359</td>\n",
       "      <td>1520.689000</td>\n",
       "      <td>1.0</td>\n",
       "      <td>4.0</td>\n",
       "    </tr>\n",
       "    <tr>\n",
       "      <th>...</th>\n",
       "      <td>...</td>\n",
       "      <td>...</td>\n",
       "      <td>...</td>\n",
       "      <td>...</td>\n",
       "      <td>...</td>\n",
       "      <td>...</td>\n",
       "      <td>...</td>\n",
       "      <td>...</td>\n",
       "      <td>...</td>\n",
       "      <td>...</td>\n",
       "      <td>...</td>\n",
       "      <td>...</td>\n",
       "      <td>...</td>\n",
       "      <td>...</td>\n",
       "      <td>...</td>\n",
       "      <td>...</td>\n",
       "      <td>...</td>\n",
       "      <td>...</td>\n",
       "      <td>...</td>\n",
       "      <td>...</td>\n",
       "      <td>...</td>\n",
       "    </tr>\n",
       "    <tr>\n",
       "      <th>2423</th>\n",
       "      <td>2021-04-01</td>\n",
       "      <td>2021</td>\n",
       "      <td>0</td>\n",
       "      <td>NaN</td>\n",
       "      <td>PHI</td>\n",
       "      <td>ATL</td>\n",
       "      <td>1499.854980</td>\n",
       "      <td>1537.334830</td>\n",
       "      <td>0.480611</td>\n",
       "      <td>0.519389</td>\n",
       "      <td>...</td>\n",
       "      <td>56.982418</td>\n",
       "      <td>53.435208</td>\n",
       "      <td>25.593166</td>\n",
       "      <td>-0.900219</td>\n",
       "      <td>0.537195</td>\n",
       "      <td>0.462805</td>\n",
       "      <td>1507.143856</td>\n",
       "      <td>1532.557621</td>\n",
       "      <td>3.0</td>\n",
       "      <td>2.0</td>\n",
       "    </tr>\n",
       "    <tr>\n",
       "      <th>2424</th>\n",
       "      <td>2021-04-01</td>\n",
       "      <td>2021</td>\n",
       "      <td>0</td>\n",
       "      <td>NaN</td>\n",
       "      <td>CHC</td>\n",
       "      <td>PIT</td>\n",
       "      <td>1510.606166</td>\n",
       "      <td>1466.885465</td>\n",
       "      <td>0.596242</td>\n",
       "      <td>0.403758</td>\n",
       "      <td>...</td>\n",
       "      <td>56.657868</td>\n",
       "      <td>47.268712</td>\n",
       "      <td>35.374576</td>\n",
       "      <td>-2.657647</td>\n",
       "      <td>0.687642</td>\n",
       "      <td>0.312358</td>\n",
       "      <td>1504.178744</td>\n",
       "      <td>1435.619713</td>\n",
       "      <td>3.0</td>\n",
       "      <td>5.0</td>\n",
       "    </tr>\n",
       "    <tr>\n",
       "      <th>2425</th>\n",
       "      <td>2021-04-01</td>\n",
       "      <td>2021</td>\n",
       "      <td>0</td>\n",
       "      <td>NaN</td>\n",
       "      <td>MIL</td>\n",
       "      <td>MIN</td>\n",
       "      <td>1502.386929</td>\n",
       "      <td>1522.960488</td>\n",
       "      <td>0.504931</td>\n",
       "      <td>0.495069</td>\n",
       "      <td>...</td>\n",
       "      <td>57.894228</td>\n",
       "      <td>57.914464</td>\n",
       "      <td>34.030150</td>\n",
       "      <td>17.163499</td>\n",
       "      <td>0.533019</td>\n",
       "      <td>0.466981</td>\n",
       "      <td>1518.710560</td>\n",
       "      <td>1536.695871</td>\n",
       "      <td>6.0</td>\n",
       "      <td>5.0</td>\n",
       "    </tr>\n",
       "    <tr>\n",
       "      <th>2426</th>\n",
       "      <td>2021-04-01</td>\n",
       "      <td>2021</td>\n",
       "      <td>0</td>\n",
       "      <td>NaN</td>\n",
       "      <td>DET</td>\n",
       "      <td>CLE</td>\n",
       "      <td>1450.437505</td>\n",
       "      <td>1513.164945</td>\n",
       "      <td>0.444496</td>\n",
       "      <td>0.555504</td>\n",
       "      <td>...</td>\n",
       "      <td>47.172259</td>\n",
       "      <td>61.318392</td>\n",
       "      <td>-0.833903</td>\n",
       "      <td>43.767481</td>\n",
       "      <td>0.378466</td>\n",
       "      <td>0.621534</td>\n",
       "      <td>1447.667412</td>\n",
       "      <td>1511.947362</td>\n",
       "      <td>3.0</td>\n",
       "      <td>2.0</td>\n",
       "    </tr>\n",
       "    <tr>\n",
       "      <th>2427</th>\n",
       "      <td>2021-04-01</td>\n",
       "      <td>2021</td>\n",
       "      <td>0</td>\n",
       "      <td>NaN</td>\n",
       "      <td>NYY</td>\n",
       "      <td>TOR</td>\n",
       "      <td>1540.629874</td>\n",
       "      <td>1499.393681</td>\n",
       "      <td>0.592794</td>\n",
       "      <td>0.407206</td>\n",
       "      <td>...</td>\n",
       "      <td>64.078782</td>\n",
       "      <td>55.252245</td>\n",
       "      <td>44.482355</td>\n",
       "      <td>35.170897</td>\n",
       "      <td>0.624955</td>\n",
       "      <td>0.375045</td>\n",
       "      <td>1570.975244</td>\n",
       "      <td>1520.453518</td>\n",
       "      <td>2.0</td>\n",
       "      <td>3.0</td>\n",
       "    </tr>\n",
       "  </tbody>\n",
       "</table>\n",
       "<p>1347 rows × 26 columns</p>\n",
       "</div>"
      ],
      "text/plain": [
       "            date  season  neutral  playoff team1 team2     elo1_pre  \\\n",
       "1081  2021-07-11    2021        0      NaN   SEA   ANA  1493.538649   \n",
       "1082  2021-07-11    2021        0      NaN   SDP   COL  1534.463116   \n",
       "1083  2021-07-11    2021        0      NaN   LAD   ARI  1584.632857   \n",
       "1084  2021-07-11    2021        0      NaN   SFG   WSN  1549.613822   \n",
       "1085  2021-07-11    2021        0      NaN   TEX   OAK  1465.150350   \n",
       "...          ...     ...      ...      ...   ...   ...          ...   \n",
       "2423  2021-04-01    2021        0      NaN   PHI   ATL  1499.854980   \n",
       "2424  2021-04-01    2021        0      NaN   CHC   PIT  1510.606166   \n",
       "2425  2021-04-01    2021        0      NaN   MIL   MIN  1502.386929   \n",
       "2426  2021-04-01    2021        0      NaN   DET   CLE  1450.437505   \n",
       "2427  2021-04-01    2021        0      NaN   NYY   TOR  1540.629874   \n",
       "\n",
       "         elo2_pre  elo_prob1  elo_prob2  ...  pitcher1_rgs  pitcher2_rgs  \\\n",
       "1081  1492.763809   0.535594   0.464406  ...     44.084974     39.929048   \n",
       "1082  1469.938927   0.624709   0.375291  ...     48.061291     53.836186   \n",
       "1083  1438.785029   0.726656   0.273344  ...     53.122349     52.166927   \n",
       "1084  1513.998828   0.584961   0.415039  ...     59.656903     47.743591   \n",
       "1085  1530.314320   0.441036   0.558964  ...     49.512599     56.874158   \n",
       "...           ...        ...        ...  ...           ...           ...   \n",
       "2423  1537.334830   0.480611   0.519389  ...     56.982418     53.435208   \n",
       "2424  1466.885465   0.596242   0.403758  ...     56.657868     47.268712   \n",
       "2425  1522.960488   0.504931   0.495069  ...     57.894228     57.914464   \n",
       "2426  1513.164945   0.444496   0.555504  ...     47.172259     61.318392   \n",
       "2427  1499.393681   0.592794   0.407206  ...     64.078782     55.252245   \n",
       "\n",
       "      pitcher1_adj  pitcher2_adj rating_prob1 rating_prob2  rating1_post  \\\n",
       "1081    -19.659891    -44.827616     0.545272     0.454728   1480.094364   \n",
       "1082    -16.053037      2.460504     0.655171     0.344829   1554.814951   \n",
       "1083    -10.727841     21.408305     0.695995     0.304005   1596.787439   \n",
       "1084     34.283469    -16.077402     0.624387     0.375613   1530.332580   \n",
       "1085     -6.635993     17.367272     0.412738     0.587262   1456.963359   \n",
       "...            ...           ...          ...          ...           ...   \n",
       "2423     25.593166     -0.900219     0.537195     0.462805   1507.143856   \n",
       "2424     35.374576     -2.657647     0.687642     0.312358   1504.178744   \n",
       "2425     34.030150     17.163499     0.533019     0.466981   1518.710560   \n",
       "2426     -0.833903     43.767481     0.378466     0.621534   1447.667412   \n",
       "2427     44.482355     35.170897     0.624955     0.375045   1570.975244   \n",
       "\n",
       "      rating2_post  score1  score2  \n",
       "1081   1503.267801     1.0     7.0  \n",
       "1082   1452.864180     1.0     3.0  \n",
       "1083   1443.008203     7.0     4.0  \n",
       "1084   1514.477593     3.0     1.0  \n",
       "1085   1520.689000     1.0     4.0  \n",
       "...            ...     ...     ...  \n",
       "2423   1532.557621     3.0     2.0  \n",
       "2424   1435.619713     3.0     5.0  \n",
       "2425   1536.695871     6.0     5.0  \n",
       "2426   1511.947362     3.0     2.0  \n",
       "2427   1520.453518     2.0     3.0  \n",
       "\n",
       "[1347 rows x 26 columns]"
      ]
     },
     "execution_count": 5,
     "metadata": {},
     "output_type": "execute_result"
    }
   ],
   "source": [
    "data"
   ]
  },
  {
   "cell_type": "code",
   "execution_count": 7,
   "id": "75b99b7e-fb26-4c8d-8889-65cf8ec6ea12",
   "metadata": {},
   "outputs": [],
   "source": [
    "data = data[::-1]"
   ]
  },
  {
   "cell_type": "code",
   "execution_count": 8,
   "id": "e83ba9d0-1f3f-4382-8e67-e046b04672f6",
   "metadata": {},
   "outputs": [
    {
     "data": {
      "text/html": [
       "<div>\n",
       "<style scoped>\n",
       "    .dataframe tbody tr th:only-of-type {\n",
       "        vertical-align: middle;\n",
       "    }\n",
       "\n",
       "    .dataframe tbody tr th {\n",
       "        vertical-align: top;\n",
       "    }\n",
       "\n",
       "    .dataframe thead th {\n",
       "        text-align: right;\n",
       "    }\n",
       "</style>\n",
       "<table border=\"1\" class=\"dataframe\">\n",
       "  <thead>\n",
       "    <tr style=\"text-align: right;\">\n",
       "      <th></th>\n",
       "      <th>date</th>\n",
       "      <th>season</th>\n",
       "      <th>neutral</th>\n",
       "      <th>playoff</th>\n",
       "      <th>team1</th>\n",
       "      <th>team2</th>\n",
       "      <th>elo1_pre</th>\n",
       "      <th>elo2_pre</th>\n",
       "      <th>elo_prob1</th>\n",
       "      <th>elo_prob2</th>\n",
       "      <th>...</th>\n",
       "      <th>pitcher1_rgs</th>\n",
       "      <th>pitcher2_rgs</th>\n",
       "      <th>pitcher1_adj</th>\n",
       "      <th>pitcher2_adj</th>\n",
       "      <th>rating_prob1</th>\n",
       "      <th>rating_prob2</th>\n",
       "      <th>rating1_post</th>\n",
       "      <th>rating2_post</th>\n",
       "      <th>score1</th>\n",
       "      <th>score2</th>\n",
       "    </tr>\n",
       "  </thead>\n",
       "  <tbody>\n",
       "    <tr>\n",
       "      <th>2427</th>\n",
       "      <td>2021-04-01</td>\n",
       "      <td>2021</td>\n",
       "      <td>0</td>\n",
       "      <td>NaN</td>\n",
       "      <td>NYY</td>\n",
       "      <td>TOR</td>\n",
       "      <td>1540.629874</td>\n",
       "      <td>1499.393681</td>\n",
       "      <td>0.592794</td>\n",
       "      <td>0.407206</td>\n",
       "      <td>...</td>\n",
       "      <td>64.078782</td>\n",
       "      <td>55.252245</td>\n",
       "      <td>44.482355</td>\n",
       "      <td>35.170897</td>\n",
       "      <td>0.624955</td>\n",
       "      <td>0.375045</td>\n",
       "      <td>1570.975244</td>\n",
       "      <td>1520.453518</td>\n",
       "      <td>2.0</td>\n",
       "      <td>3.0</td>\n",
       "    </tr>\n",
       "    <tr>\n",
       "      <th>2426</th>\n",
       "      <td>2021-04-01</td>\n",
       "      <td>2021</td>\n",
       "      <td>0</td>\n",
       "      <td>NaN</td>\n",
       "      <td>DET</td>\n",
       "      <td>CLE</td>\n",
       "      <td>1450.437505</td>\n",
       "      <td>1513.164945</td>\n",
       "      <td>0.444496</td>\n",
       "      <td>0.555504</td>\n",
       "      <td>...</td>\n",
       "      <td>47.172259</td>\n",
       "      <td>61.318392</td>\n",
       "      <td>-0.833903</td>\n",
       "      <td>43.767481</td>\n",
       "      <td>0.378466</td>\n",
       "      <td>0.621534</td>\n",
       "      <td>1447.667412</td>\n",
       "      <td>1511.947362</td>\n",
       "      <td>3.0</td>\n",
       "      <td>2.0</td>\n",
       "    </tr>\n",
       "    <tr>\n",
       "      <th>2425</th>\n",
       "      <td>2021-04-01</td>\n",
       "      <td>2021</td>\n",
       "      <td>0</td>\n",
       "      <td>NaN</td>\n",
       "      <td>MIL</td>\n",
       "      <td>MIN</td>\n",
       "      <td>1502.386929</td>\n",
       "      <td>1522.960488</td>\n",
       "      <td>0.504931</td>\n",
       "      <td>0.495069</td>\n",
       "      <td>...</td>\n",
       "      <td>57.894228</td>\n",
       "      <td>57.914464</td>\n",
       "      <td>34.030150</td>\n",
       "      <td>17.163499</td>\n",
       "      <td>0.533019</td>\n",
       "      <td>0.466981</td>\n",
       "      <td>1518.710560</td>\n",
       "      <td>1536.695871</td>\n",
       "      <td>6.0</td>\n",
       "      <td>5.0</td>\n",
       "    </tr>\n",
       "    <tr>\n",
       "      <th>2424</th>\n",
       "      <td>2021-04-01</td>\n",
       "      <td>2021</td>\n",
       "      <td>0</td>\n",
       "      <td>NaN</td>\n",
       "      <td>CHC</td>\n",
       "      <td>PIT</td>\n",
       "      <td>1510.606166</td>\n",
       "      <td>1466.885465</td>\n",
       "      <td>0.596242</td>\n",
       "      <td>0.403758</td>\n",
       "      <td>...</td>\n",
       "      <td>56.657868</td>\n",
       "      <td>47.268712</td>\n",
       "      <td>35.374576</td>\n",
       "      <td>-2.657647</td>\n",
       "      <td>0.687642</td>\n",
       "      <td>0.312358</td>\n",
       "      <td>1504.178744</td>\n",
       "      <td>1435.619713</td>\n",
       "      <td>3.0</td>\n",
       "      <td>5.0</td>\n",
       "    </tr>\n",
       "    <tr>\n",
       "      <th>2423</th>\n",
       "      <td>2021-04-01</td>\n",
       "      <td>2021</td>\n",
       "      <td>0</td>\n",
       "      <td>NaN</td>\n",
       "      <td>PHI</td>\n",
       "      <td>ATL</td>\n",
       "      <td>1499.854980</td>\n",
       "      <td>1537.334830</td>\n",
       "      <td>0.480611</td>\n",
       "      <td>0.519389</td>\n",
       "      <td>...</td>\n",
       "      <td>56.982418</td>\n",
       "      <td>53.435208</td>\n",
       "      <td>25.593166</td>\n",
       "      <td>-0.900219</td>\n",
       "      <td>0.537195</td>\n",
       "      <td>0.462805</td>\n",
       "      <td>1507.143856</td>\n",
       "      <td>1532.557621</td>\n",
       "      <td>3.0</td>\n",
       "      <td>2.0</td>\n",
       "    </tr>\n",
       "    <tr>\n",
       "      <th>...</th>\n",
       "      <td>...</td>\n",
       "      <td>...</td>\n",
       "      <td>...</td>\n",
       "      <td>...</td>\n",
       "      <td>...</td>\n",
       "      <td>...</td>\n",
       "      <td>...</td>\n",
       "      <td>...</td>\n",
       "      <td>...</td>\n",
       "      <td>...</td>\n",
       "      <td>...</td>\n",
       "      <td>...</td>\n",
       "      <td>...</td>\n",
       "      <td>...</td>\n",
       "      <td>...</td>\n",
       "      <td>...</td>\n",
       "      <td>...</td>\n",
       "      <td>...</td>\n",
       "      <td>...</td>\n",
       "      <td>...</td>\n",
       "      <td>...</td>\n",
       "    </tr>\n",
       "    <tr>\n",
       "      <th>1085</th>\n",
       "      <td>2021-07-11</td>\n",
       "      <td>2021</td>\n",
       "      <td>0</td>\n",
       "      <td>NaN</td>\n",
       "      <td>TEX</td>\n",
       "      <td>OAK</td>\n",
       "      <td>1465.150350</td>\n",
       "      <td>1530.314320</td>\n",
       "      <td>0.441036</td>\n",
       "      <td>0.558964</td>\n",
       "      <td>...</td>\n",
       "      <td>49.512599</td>\n",
       "      <td>56.874158</td>\n",
       "      <td>-6.635993</td>\n",
       "      <td>17.367272</td>\n",
       "      <td>0.412738</td>\n",
       "      <td>0.587262</td>\n",
       "      <td>1456.963359</td>\n",
       "      <td>1520.689000</td>\n",
       "      <td>1.0</td>\n",
       "      <td>4.0</td>\n",
       "    </tr>\n",
       "    <tr>\n",
       "      <th>1084</th>\n",
       "      <td>2021-07-11</td>\n",
       "      <td>2021</td>\n",
       "      <td>0</td>\n",
       "      <td>NaN</td>\n",
       "      <td>SFG</td>\n",
       "      <td>WSN</td>\n",
       "      <td>1549.613822</td>\n",
       "      <td>1513.998828</td>\n",
       "      <td>0.584961</td>\n",
       "      <td>0.415039</td>\n",
       "      <td>...</td>\n",
       "      <td>59.656903</td>\n",
       "      <td>47.743591</td>\n",
       "      <td>34.283469</td>\n",
       "      <td>-16.077402</td>\n",
       "      <td>0.624387</td>\n",
       "      <td>0.375613</td>\n",
       "      <td>1530.332580</td>\n",
       "      <td>1514.477593</td>\n",
       "      <td>3.0</td>\n",
       "      <td>1.0</td>\n",
       "    </tr>\n",
       "    <tr>\n",
       "      <th>1083</th>\n",
       "      <td>2021-07-11</td>\n",
       "      <td>2021</td>\n",
       "      <td>0</td>\n",
       "      <td>NaN</td>\n",
       "      <td>LAD</td>\n",
       "      <td>ARI</td>\n",
       "      <td>1584.632857</td>\n",
       "      <td>1438.785029</td>\n",
       "      <td>0.726656</td>\n",
       "      <td>0.273344</td>\n",
       "      <td>...</td>\n",
       "      <td>53.122349</td>\n",
       "      <td>52.166927</td>\n",
       "      <td>-10.727841</td>\n",
       "      <td>21.408305</td>\n",
       "      <td>0.695995</td>\n",
       "      <td>0.304005</td>\n",
       "      <td>1596.787439</td>\n",
       "      <td>1443.008203</td>\n",
       "      <td>7.0</td>\n",
       "      <td>4.0</td>\n",
       "    </tr>\n",
       "    <tr>\n",
       "      <th>1082</th>\n",
       "      <td>2021-07-11</td>\n",
       "      <td>2021</td>\n",
       "      <td>0</td>\n",
       "      <td>NaN</td>\n",
       "      <td>SDP</td>\n",
       "      <td>COL</td>\n",
       "      <td>1534.463116</td>\n",
       "      <td>1469.938927</td>\n",
       "      <td>0.624709</td>\n",
       "      <td>0.375291</td>\n",
       "      <td>...</td>\n",
       "      <td>48.061291</td>\n",
       "      <td>53.836186</td>\n",
       "      <td>-16.053037</td>\n",
       "      <td>2.460504</td>\n",
       "      <td>0.655171</td>\n",
       "      <td>0.344829</td>\n",
       "      <td>1554.814951</td>\n",
       "      <td>1452.864180</td>\n",
       "      <td>1.0</td>\n",
       "      <td>3.0</td>\n",
       "    </tr>\n",
       "    <tr>\n",
       "      <th>1081</th>\n",
       "      <td>2021-07-11</td>\n",
       "      <td>2021</td>\n",
       "      <td>0</td>\n",
       "      <td>NaN</td>\n",
       "      <td>SEA</td>\n",
       "      <td>ANA</td>\n",
       "      <td>1493.538649</td>\n",
       "      <td>1492.763809</td>\n",
       "      <td>0.535594</td>\n",
       "      <td>0.464406</td>\n",
       "      <td>...</td>\n",
       "      <td>44.084974</td>\n",
       "      <td>39.929048</td>\n",
       "      <td>-19.659891</td>\n",
       "      <td>-44.827616</td>\n",
       "      <td>0.545272</td>\n",
       "      <td>0.454728</td>\n",
       "      <td>1480.094364</td>\n",
       "      <td>1503.267801</td>\n",
       "      <td>1.0</td>\n",
       "      <td>7.0</td>\n",
       "    </tr>\n",
       "  </tbody>\n",
       "</table>\n",
       "<p>1347 rows × 26 columns</p>\n",
       "</div>"
      ],
      "text/plain": [
       "            date  season  neutral  playoff team1 team2     elo1_pre  \\\n",
       "2427  2021-04-01    2021        0      NaN   NYY   TOR  1540.629874   \n",
       "2426  2021-04-01    2021        0      NaN   DET   CLE  1450.437505   \n",
       "2425  2021-04-01    2021        0      NaN   MIL   MIN  1502.386929   \n",
       "2424  2021-04-01    2021        0      NaN   CHC   PIT  1510.606166   \n",
       "2423  2021-04-01    2021        0      NaN   PHI   ATL  1499.854980   \n",
       "...          ...     ...      ...      ...   ...   ...          ...   \n",
       "1085  2021-07-11    2021        0      NaN   TEX   OAK  1465.150350   \n",
       "1084  2021-07-11    2021        0      NaN   SFG   WSN  1549.613822   \n",
       "1083  2021-07-11    2021        0      NaN   LAD   ARI  1584.632857   \n",
       "1082  2021-07-11    2021        0      NaN   SDP   COL  1534.463116   \n",
       "1081  2021-07-11    2021        0      NaN   SEA   ANA  1493.538649   \n",
       "\n",
       "         elo2_pre  elo_prob1  elo_prob2  ...  pitcher1_rgs  pitcher2_rgs  \\\n",
       "2427  1499.393681   0.592794   0.407206  ...     64.078782     55.252245   \n",
       "2426  1513.164945   0.444496   0.555504  ...     47.172259     61.318392   \n",
       "2425  1522.960488   0.504931   0.495069  ...     57.894228     57.914464   \n",
       "2424  1466.885465   0.596242   0.403758  ...     56.657868     47.268712   \n",
       "2423  1537.334830   0.480611   0.519389  ...     56.982418     53.435208   \n",
       "...           ...        ...        ...  ...           ...           ...   \n",
       "1085  1530.314320   0.441036   0.558964  ...     49.512599     56.874158   \n",
       "1084  1513.998828   0.584961   0.415039  ...     59.656903     47.743591   \n",
       "1083  1438.785029   0.726656   0.273344  ...     53.122349     52.166927   \n",
       "1082  1469.938927   0.624709   0.375291  ...     48.061291     53.836186   \n",
       "1081  1492.763809   0.535594   0.464406  ...     44.084974     39.929048   \n",
       "\n",
       "      pitcher1_adj  pitcher2_adj rating_prob1 rating_prob2  rating1_post  \\\n",
       "2427     44.482355     35.170897     0.624955     0.375045   1570.975244   \n",
       "2426     -0.833903     43.767481     0.378466     0.621534   1447.667412   \n",
       "2425     34.030150     17.163499     0.533019     0.466981   1518.710560   \n",
       "2424     35.374576     -2.657647     0.687642     0.312358   1504.178744   \n",
       "2423     25.593166     -0.900219     0.537195     0.462805   1507.143856   \n",
       "...            ...           ...          ...          ...           ...   \n",
       "1085     -6.635993     17.367272     0.412738     0.587262   1456.963359   \n",
       "1084     34.283469    -16.077402     0.624387     0.375613   1530.332580   \n",
       "1083    -10.727841     21.408305     0.695995     0.304005   1596.787439   \n",
       "1082    -16.053037      2.460504     0.655171     0.344829   1554.814951   \n",
       "1081    -19.659891    -44.827616     0.545272     0.454728   1480.094364   \n",
       "\n",
       "      rating2_post  score1  score2  \n",
       "2427   1520.453518     2.0     3.0  \n",
       "2426   1511.947362     3.0     2.0  \n",
       "2425   1536.695871     6.0     5.0  \n",
       "2424   1435.619713     3.0     5.0  \n",
       "2423   1532.557621     3.0     2.0  \n",
       "...            ...     ...     ...  \n",
       "1085   1520.689000     1.0     4.0  \n",
       "1084   1514.477593     3.0     1.0  \n",
       "1083   1443.008203     7.0     4.0  \n",
       "1082   1452.864180     1.0     3.0  \n",
       "1081   1503.267801     1.0     7.0  \n",
       "\n",
       "[1347 rows x 26 columns]"
      ]
     },
     "execution_count": 8,
     "metadata": {},
     "output_type": "execute_result"
    }
   ],
   "source": [
    "data"
   ]
  },
  {
   "cell_type": "code",
   "execution_count": 9,
   "id": "a033bf75-4894-494c-abf4-836ba005f72c",
   "metadata": {},
   "outputs": [],
   "source": [
    "df = data.reset_index()"
   ]
  },
  {
   "cell_type": "code",
   "execution_count": 10,
   "id": "cfdbdcf2-1457-434f-9690-a87bc3fa8ed3",
   "metadata": {},
   "outputs": [
    {
     "data": {
      "text/html": [
       "<div>\n",
       "<style scoped>\n",
       "    .dataframe tbody tr th:only-of-type {\n",
       "        vertical-align: middle;\n",
       "    }\n",
       "\n",
       "    .dataframe tbody tr th {\n",
       "        vertical-align: top;\n",
       "    }\n",
       "\n",
       "    .dataframe thead th {\n",
       "        text-align: right;\n",
       "    }\n",
       "</style>\n",
       "<table border=\"1\" class=\"dataframe\">\n",
       "  <thead>\n",
       "    <tr style=\"text-align: right;\">\n",
       "      <th></th>\n",
       "      <th>index</th>\n",
       "      <th>date</th>\n",
       "      <th>season</th>\n",
       "      <th>neutral</th>\n",
       "      <th>playoff</th>\n",
       "      <th>team1</th>\n",
       "      <th>team2</th>\n",
       "      <th>elo1_pre</th>\n",
       "      <th>elo2_pre</th>\n",
       "      <th>elo_prob1</th>\n",
       "      <th>...</th>\n",
       "      <th>pitcher1_rgs</th>\n",
       "      <th>pitcher2_rgs</th>\n",
       "      <th>pitcher1_adj</th>\n",
       "      <th>pitcher2_adj</th>\n",
       "      <th>rating_prob1</th>\n",
       "      <th>rating_prob2</th>\n",
       "      <th>rating1_post</th>\n",
       "      <th>rating2_post</th>\n",
       "      <th>score1</th>\n",
       "      <th>score2</th>\n",
       "    </tr>\n",
       "  </thead>\n",
       "  <tbody>\n",
       "    <tr>\n",
       "      <th>1</th>\n",
       "      <td>2427</td>\n",
       "      <td>2021-04-01</td>\n",
       "      <td>2021</td>\n",
       "      <td>0</td>\n",
       "      <td>NaN</td>\n",
       "      <td>NYY</td>\n",
       "      <td>TOR</td>\n",
       "      <td>1540.629874</td>\n",
       "      <td>1499.393681</td>\n",
       "      <td>0.592794</td>\n",
       "      <td>...</td>\n",
       "      <td>64.078782</td>\n",
       "      <td>55.252245</td>\n",
       "      <td>44.482355</td>\n",
       "      <td>35.170897</td>\n",
       "      <td>0.624955</td>\n",
       "      <td>0.375045</td>\n",
       "      <td>1570.975244</td>\n",
       "      <td>1520.453518</td>\n",
       "      <td>2.0</td>\n",
       "      <td>3.0</td>\n",
       "    </tr>\n",
       "    <tr>\n",
       "      <th>2</th>\n",
       "      <td>2426</td>\n",
       "      <td>2021-04-01</td>\n",
       "      <td>2021</td>\n",
       "      <td>0</td>\n",
       "      <td>NaN</td>\n",
       "      <td>DET</td>\n",
       "      <td>CLE</td>\n",
       "      <td>1450.437505</td>\n",
       "      <td>1513.164945</td>\n",
       "      <td>0.444496</td>\n",
       "      <td>...</td>\n",
       "      <td>47.172259</td>\n",
       "      <td>61.318392</td>\n",
       "      <td>-0.833903</td>\n",
       "      <td>43.767481</td>\n",
       "      <td>0.378466</td>\n",
       "      <td>0.621534</td>\n",
       "      <td>1447.667412</td>\n",
       "      <td>1511.947362</td>\n",
       "      <td>3.0</td>\n",
       "      <td>2.0</td>\n",
       "    </tr>\n",
       "    <tr>\n",
       "      <th>3</th>\n",
       "      <td>2425</td>\n",
       "      <td>2021-04-01</td>\n",
       "      <td>2021</td>\n",
       "      <td>0</td>\n",
       "      <td>NaN</td>\n",
       "      <td>MIL</td>\n",
       "      <td>MIN</td>\n",
       "      <td>1502.386929</td>\n",
       "      <td>1522.960488</td>\n",
       "      <td>0.504931</td>\n",
       "      <td>...</td>\n",
       "      <td>57.894228</td>\n",
       "      <td>57.914464</td>\n",
       "      <td>34.030150</td>\n",
       "      <td>17.163499</td>\n",
       "      <td>0.533019</td>\n",
       "      <td>0.466981</td>\n",
       "      <td>1518.710560</td>\n",
       "      <td>1536.695871</td>\n",
       "      <td>6.0</td>\n",
       "      <td>5.0</td>\n",
       "    </tr>\n",
       "    <tr>\n",
       "      <th>4</th>\n",
       "      <td>2424</td>\n",
       "      <td>2021-04-01</td>\n",
       "      <td>2021</td>\n",
       "      <td>0</td>\n",
       "      <td>NaN</td>\n",
       "      <td>CHC</td>\n",
       "      <td>PIT</td>\n",
       "      <td>1510.606166</td>\n",
       "      <td>1466.885465</td>\n",
       "      <td>0.596242</td>\n",
       "      <td>...</td>\n",
       "      <td>56.657868</td>\n",
       "      <td>47.268712</td>\n",
       "      <td>35.374576</td>\n",
       "      <td>-2.657647</td>\n",
       "      <td>0.687642</td>\n",
       "      <td>0.312358</td>\n",
       "      <td>1504.178744</td>\n",
       "      <td>1435.619713</td>\n",
       "      <td>3.0</td>\n",
       "      <td>5.0</td>\n",
       "    </tr>\n",
       "    <tr>\n",
       "      <th>5</th>\n",
       "      <td>2423</td>\n",
       "      <td>2021-04-01</td>\n",
       "      <td>2021</td>\n",
       "      <td>0</td>\n",
       "      <td>NaN</td>\n",
       "      <td>PHI</td>\n",
       "      <td>ATL</td>\n",
       "      <td>1499.854980</td>\n",
       "      <td>1537.334830</td>\n",
       "      <td>0.480611</td>\n",
       "      <td>...</td>\n",
       "      <td>56.982418</td>\n",
       "      <td>53.435208</td>\n",
       "      <td>25.593166</td>\n",
       "      <td>-0.900219</td>\n",
       "      <td>0.537195</td>\n",
       "      <td>0.462805</td>\n",
       "      <td>1507.143856</td>\n",
       "      <td>1532.557621</td>\n",
       "      <td>3.0</td>\n",
       "      <td>2.0</td>\n",
       "    </tr>\n",
       "    <tr>\n",
       "      <th>...</th>\n",
       "      <td>...</td>\n",
       "      <td>...</td>\n",
       "      <td>...</td>\n",
       "      <td>...</td>\n",
       "      <td>...</td>\n",
       "      <td>...</td>\n",
       "      <td>...</td>\n",
       "      <td>...</td>\n",
       "      <td>...</td>\n",
       "      <td>...</td>\n",
       "      <td>...</td>\n",
       "      <td>...</td>\n",
       "      <td>...</td>\n",
       "      <td>...</td>\n",
       "      <td>...</td>\n",
       "      <td>...</td>\n",
       "      <td>...</td>\n",
       "      <td>...</td>\n",
       "      <td>...</td>\n",
       "      <td>...</td>\n",
       "      <td>...</td>\n",
       "    </tr>\n",
       "    <tr>\n",
       "      <th>1343</th>\n",
       "      <td>1085</td>\n",
       "      <td>2021-07-11</td>\n",
       "      <td>2021</td>\n",
       "      <td>0</td>\n",
       "      <td>NaN</td>\n",
       "      <td>TEX</td>\n",
       "      <td>OAK</td>\n",
       "      <td>1465.150350</td>\n",
       "      <td>1530.314320</td>\n",
       "      <td>0.441036</td>\n",
       "      <td>...</td>\n",
       "      <td>49.512599</td>\n",
       "      <td>56.874158</td>\n",
       "      <td>-6.635993</td>\n",
       "      <td>17.367272</td>\n",
       "      <td>0.412738</td>\n",
       "      <td>0.587262</td>\n",
       "      <td>1456.963359</td>\n",
       "      <td>1520.689000</td>\n",
       "      <td>1.0</td>\n",
       "      <td>4.0</td>\n",
       "    </tr>\n",
       "    <tr>\n",
       "      <th>1344</th>\n",
       "      <td>1084</td>\n",
       "      <td>2021-07-11</td>\n",
       "      <td>2021</td>\n",
       "      <td>0</td>\n",
       "      <td>NaN</td>\n",
       "      <td>SFG</td>\n",
       "      <td>WSN</td>\n",
       "      <td>1549.613822</td>\n",
       "      <td>1513.998828</td>\n",
       "      <td>0.584961</td>\n",
       "      <td>...</td>\n",
       "      <td>59.656903</td>\n",
       "      <td>47.743591</td>\n",
       "      <td>34.283469</td>\n",
       "      <td>-16.077402</td>\n",
       "      <td>0.624387</td>\n",
       "      <td>0.375613</td>\n",
       "      <td>1530.332580</td>\n",
       "      <td>1514.477593</td>\n",
       "      <td>3.0</td>\n",
       "      <td>1.0</td>\n",
       "    </tr>\n",
       "    <tr>\n",
       "      <th>1345</th>\n",
       "      <td>1083</td>\n",
       "      <td>2021-07-11</td>\n",
       "      <td>2021</td>\n",
       "      <td>0</td>\n",
       "      <td>NaN</td>\n",
       "      <td>LAD</td>\n",
       "      <td>ARI</td>\n",
       "      <td>1584.632857</td>\n",
       "      <td>1438.785029</td>\n",
       "      <td>0.726656</td>\n",
       "      <td>...</td>\n",
       "      <td>53.122349</td>\n",
       "      <td>52.166927</td>\n",
       "      <td>-10.727841</td>\n",
       "      <td>21.408305</td>\n",
       "      <td>0.695995</td>\n",
       "      <td>0.304005</td>\n",
       "      <td>1596.787439</td>\n",
       "      <td>1443.008203</td>\n",
       "      <td>7.0</td>\n",
       "      <td>4.0</td>\n",
       "    </tr>\n",
       "    <tr>\n",
       "      <th>1346</th>\n",
       "      <td>1082</td>\n",
       "      <td>2021-07-11</td>\n",
       "      <td>2021</td>\n",
       "      <td>0</td>\n",
       "      <td>NaN</td>\n",
       "      <td>SDP</td>\n",
       "      <td>COL</td>\n",
       "      <td>1534.463116</td>\n",
       "      <td>1469.938927</td>\n",
       "      <td>0.624709</td>\n",
       "      <td>...</td>\n",
       "      <td>48.061291</td>\n",
       "      <td>53.836186</td>\n",
       "      <td>-16.053037</td>\n",
       "      <td>2.460504</td>\n",
       "      <td>0.655171</td>\n",
       "      <td>0.344829</td>\n",
       "      <td>1554.814951</td>\n",
       "      <td>1452.864180</td>\n",
       "      <td>1.0</td>\n",
